100000
100001
100002
100003
100004
100005
100006
100007
100008
100010
100011
100012
100015
100016
100017
100018
100020
100021
100023
100024
100025
100027
100029
100031
100032
100033
100034
100035
100036
100037
100038
100039
100040
100042
100043
100044
100045
100046
100047
100048
100049
100050
100051
100052
100053
100054
100055
100056
100057
100059
100060
100061
100062
100063
100064
100065
100066
100067
100068
100069
100070
100071
100072
100073
100074
100075
100077
100078
100079
100081
100082
100083
100084
100085
100086
100087
100088
100090
100091
100093
100094
100095
100096
100097
100098
100099
100100
100103
100104
100105
100106
100107
100108
100109
100110
100111
100112
100113
100115
100116
100117
100118
100119
100120
100121
100122
100123
100124
100125
100126
100127
100128
100129
100130
100131
100133
100134
100135
100137
100138
100139
100140
100141
100142
100143
100145
100146
100147
100148
100149
100151
100152
100153
100154
100155
100156
100157
100158
100159
100161
100162
100163
100164
100165
100166
100167
100168
100170
100171
100172
100173
100174
100175
100176
100177
100178
100179
100180
100183
100184
100185
100186
100187
100188
100189
100190
100191
100193
100194
100195
100196
100197
100198
100199
100200
100201
100202
100203
100204
100205
100206
100207
100208
100210
100211
100214
100215
100216
100217
100218
100220
100221
100222
100224
100225
100226
100227
100228
100229
100230
100231
100232
100233
100234
100235
100236
100237
100238
100239
100240
100241
100242
100243
100244
100245
100246
100247
100248
100249
100251
100252
100253
100255
100256
100257
100258
100259
100260
100261
100262
100263
100264
100265
100266
100267
100269
100271
100272
100273
100274
100275
100276
100277
100278
100280
100281
100282
100283
100284
100285
100286
100287
100288
100289
100290
100292
100294
100296
100297
100298
100299
100300
100301
100302
100303
100304
100305
100308
100309
100310
100314
100315
100316
100317
100318
100319
100321
100322
100323
100324
100326
100327
100328
100329
100330
100331
100332
100333
100334
100335
100336
100337
100338
100340
100341
100342
100345
100346
100347
100348
100349
100350
100351
100352
100353
100354
100355
100356
100357
100358
100359
100361
100362
100364
100365
100366
100367
100368
100369
100370
100371
100372
100373
100376
100377
100378
100379
100380
100381
100383
100384
100385
100386
100387
100388
100389
100391
100392
100393
100394
100395
100397
100398
100400
100401
100402
100403
100405
100406
100407
100408
100409
100410
100412
100413
100415
100416
100418
100419
100420
100422
100424
100425
100428
100430
100431
100432
100433
100434
100435
100436
100437
100438
100439
100440
100441
100442
100443
100444
100445
100446
100447
100449
100451
100453
100454
100455
100456
100457
100458
100459
100460
100461
100462
100463
100464
100465
100466
100467
100468
100469
100470
100471
100472
100474
100475
100477
100478
100479
100480
100481
100482
100483
100484
100485
100486
100487
100488
100489
100490
100491
100492
100493
100494
100496
100497
100498
100499
200000
200001
200002
200003
200004
200005
200006
200007
200008
200009
200010
200011
200012
200013
200014
200015
200016
200017
200018
200019
200020
200021
200022
200023
200024
200025
200026
200027
200028
200029
200030
200031
200032
200033
200034
200035
200036
200037
200038
200039
200040
200041
200042
200043
200044
200045
200046
200047
200048
200049
200050
200051
200052
200053
200054
200055
200056
200057
200058
200059
200060
200061
200062
200063
200064
200065
200066
200067
200068
200069
200070
200071
200072
200073
200074
200075
200076
200077
200078
200079
200080
200081
200082
200083
200084
200085
200086
200087
200088
200089
200090
200091
200092
200093
200094
200095
200096
200097
200098
200099
200100
200101
200102
200103
200104
200105
200106
200107
200108
200109
200110
200111
200112
200113
200114
200115
200116
200117
200118
200119
200120
200121
200122
200123
200124
200125
200126
200127
200128
200129
200130
200131
200132
200133
200134
200135
200136
200137
200138
200139
200140
200141
200142
200143
200144
200145
200146
200147
200148
200149
200150
200151
200152
200153
200154
200155
200156
200157
200158
200159
200160
200161
200162
200163
200164
200165
200166
200167
200168
200169
200170
200171
200172
200173
200174
200175
200176
200177
200178
200179
200180
200181
200182
200183
200184
200185
200186
200187
200188
200189
200190
200191
200192
200193
200194
200195
200196
200197
200198
200199
200200
200201
200202
200203
200204
200205
200206
200207
200208
200209
200210
200211
200212
200213
200214
200215
200216
200217
200218
200219
200220
200221
200222
200223
200224
200225
200226
200227
200228
200229
200230
200231
200232
200233
200234
200235
200236
200237
200238
200239
200240
200241
200242
200243
200244
200245
200246
200247
200248
200249
200250
200251
200252
200253
200254
200255
200256
200257
200258
200259
200260
200261
200262
200263
200264
200265
200266
200267
200268
200269
200270
200271
200272
200273
200274
200275
200276
200277
200278
200279
200280
200281
200282
200283
200284
200285
200286
200287
200288
200289
200290
200291
200292
200293
200294
200295
200296
200297
200298
200299
200300
200301
200302
200303
200304
200305
200306
200307
200308
200309
200310
200311
200312
200313
200314
200315
200316
200317
200318
200319
200320
200321
200322
200323
200324
200325
200326
200327
200328
200329
200330
200331
200332
200333
200334
200335
200336
200337
200338
200339
200340
200341
200342
200343
200344
200345
200346
200347
200348
200349
200350
200351
200352
200353
200354
200355
200356
200357
200358
200359
200360
200361
200362
200363
200364
200365
200366
200367
200368
200369
200370
200371
200372
200373
200374
200375
200376
200377
200378
200379
200380
200381
200382
200383
200384
200385
200386
200387
200388
200389
200390
200391
200392
200393
200394
200395
200396
200397
200398
200399
200400
200401
200402
200403
200404
200405
200406
200407
200408
200409
200410
200411
200412
200413
200414
200415
200416
200417
200418
200419
200420
200421
200422
200423
200424
200425
200426
200427
200428
200429
200430
200431
200432
200433
200434
200435
200436
200437
200438
200439
200440
200441
200442
200443
200444
200445
200446
200447
200448
200449
200450
200451
200452
200453
200454
200455
200456
200457
200458
200459
200460
200461
200462
200463
200464
200465
200466
200467
200468
200469
200470
200471
200472
200473
200474
200475
200476
200477
200478
200479
200480
200481
200482
200483
200484
200485
200486
200487
200488
200489
200490
200491
200492
200493
200494
200495
200496
200497
